999
706 910 548
269 252 492
464 436 973
70 65 973
366 485 635
384 775 757
261 153 342
281 433 128
796 749 747
645 202 294
724 195 809
16 191 977
104 218 256
32 949 167
413 735 746
517 163 892
989 377 966
638 754 540
313 595 415
132 988 794
405 326 858
228 882 269
128 705 853
497 984 518
614 281 353
961 446 588
335 817 556
33 796 271
855 386 397
686 554 511
656 207 367
416 848 16
341 173 773
796 138 15
211 950 278
808 415 325
325 834 220
662 848 529
744 611 503
952 11 724
65 89 725
368 677 581
804 314 907
573 807 957
739 180 615
81 728 815
533 931 322
427 485 776
400 802 930
670 991 604
789 888 205
797 121 995
346 439 857
218 410 654
332 789 612
743 985 136
473 854 775
845 731 658
429 732 115
792 712 661
222 451 367
745 248 892
869 384 266
147 418 841
142 595 826
795 312 102
678 753 326
5 49 556
814 787 858
786 763 724
286 353 410
716 937 56
900 886 980
217 352 637
903 714 844
831 235 93
462 323 357
186 972 118
637 580 626
913 480 391
99 442 48
180 584 62
978 512 474
151 358 356
221 488 69
457 410 365
836 396 561
150 269 972
281 797 566
184 756 502
923 479 35
221 34 756
811 27 667
616 961 727
801 536 156
419 127 996
208 577 25
573 397 678
145 330 550
129 195 296
914 750 673
747 942 891
514 172 48
309 549 642
779 329 337
665 106 234
738 468 840
613 941 249
941 780 568
160 187 980
884 772 999
563 293 982
466 29 822
257 56 456
648 215 989
943 174 505
600 402 946
589 345 866
582 153 930
864 315 328
11 788 430
686 101 712
861 932 448
887 362 51
457 610 625
35 846 669
861 803 99
971 235 298
254 533 237
535 275 922
921 383 530
386 210 58
396 866 201
249 457 706
840 344 501
819 650 89
435 47 489
297 487 905
93 943 598
529 600 127
622 663 389
91 638 280
747 960 38
92 341 425
278 729 821
632 918 484
829 221 412
111 37 394
551 767 325
752 379 729
475 834 867
327 669 811
805 725 339
308 78 849
877 291 891
213 673 710
503 520 556
483 727 720
962 587 895
589 71 686
403 858 44
76 458 837
714 14 606
619 332 513
641 52 716
170 279 857
564 514 650
580 878 628
694 426 227
758 224 37
768 493 184
36 23 215
300 999 8
123 407 763
781 680 115
896 423 13
308 725 546
63 264 629
339 742 246
999 314 246
646 733 58
975 393 461
701 318 205
75 770 173
453 853 190
522 927 27
714 287 125
970 247 424
465 850 66
752 435 367
169 27 331
118 834 796
716 842 70
230 991 843
772 253 560
870 669 955
254 534 88
386 616 971
337 529 748
426 806 35
825 405 902
718 156 37
219 20 206
338 751 956
131 292 243
382 908 291
170 866 200
595 293 708
953 866 181
867 494 706
415 100 840
296 418 316
209 852 678
822 980 176
490 496 87
427 859 957
834 411 157
40 696 813
466 766 18
348 100 186
772 899 478
957 835 951
530 409 480
480 458 720
434 375 786
951 211 877
950 666 682
146 166 925
898 789 756
189 322 991
330 223 225
371 490 819
70 919 136
500 878 85
590 64 256
700 588 277
168 544 298
896 747 463
940 418 500
109 436 84
825 991 319
23 47 669
935 954 231
625 150 635
334 273 737
394 505 604
39 364 508
118 777 908
75 745 56
187 119 126
580 316 889
93 784 360
969 677 474
140 901 1
833 661 383
29 299 64
532 236 56
902 353 585
69 657 316
125 404 513
996 954 667
125 762 708
423 29 719
48 348 314
998 694 895
11 847 544
273 221 146
548 701 355
659 29 465
240 890 266
984 265 54
180 797 801
588 537 111
541 697 802
59 165 61
749 997 356
834 514 108
645 878 461
522 239 537
898 924 621
725 272 750
823 741 115
369 232 35
707 823 980
181 146 689
292 425 468
411 779 400
257 255 774
676 603 861
141 9 448
813 814 641
415 133 563
610 869 496
493 599 546
444 980 853
808 427 617
809 127 833
5 744 853
964 700 481
629 954 340
896 261 702
800 533 953
770 489 765
692 683 473
883 898 588
659 201 957
820 111 526
392 334 355
466 985 625
47 761 509
57 401 155
851 25 509
695 789 146
964 201 88
733 901 227
155 904 358
324 794 170
321 248 52
609 415 399
378 487 450
344 492 64
1 794 955
871 774 668
154 512 869
106 832 300
934 358 922
51 66 589
171 335 115
141 458 99
399 864 815
366 612 207
961 641 953
33 907 253
528 232 450
662 75 198
525 40 735
255 532 803
222 551 658
569 4 1
892 984 920
490 160 43
819 846 686
854 294 634
244 835 703
430 977 841
361 221 508
623 826 199
465 693 704
571 395 519
481 96 881
958 978 865
617 532 754
825 773 906
248 933 877
952 28 520
804 56 436
433 43 135
607 857 266
577 638 582
423 517 966
29 597 440
510 692 10
840 232 607
779 451 203
183 398 557
24 144 264
444 329 616
376 697 587
348 592 155
779 889 781
405 987 86
399 893 181
866 381 571
983 90 982
158 994 353
463 999 696
276 379 72
64 595 481
571 210 46
827 224 965
28 964 141
35 450 996
985 646 310
135 209 872
992 539 837
853 709 278
87 906 263
816 989 535
717 322 488
526 901 854
605 661 305
277 630 448
132 633 560
798 195 377
780 607 817
150 286 599
519 615 469
891 199 479
110 399 711
827 618 904
187 174 288
894 318 774
829 884 207
223 417 481
60 861 208
230 80 55
311 464 367
825 622 157
394 959 804
254 994 4
466 143 851
794 290 53
794 982 765
629 597 724
16 80 406
343 306 156
8 759 881
47 46 463
160 444 504
204 569 357
409 7 691
687 74 0
16 28 5
538 205 534
900 71 787
325 417 502
463 454 872
400 616 210
794 795 601
519 175 165
121 965 548
574 721 75
430 533 625
432 800 450
152 893 410
248 786 286
481 528 750
542 871 499
576 401 23
227 957 365
37 972 242
458 900 154
223 771 214
590 986 519
278 290 332
442 511 699
281 360 715
269 244 97
102 745 517
225 683 838
291 205 890
983 248 969
250 906 551
844 758 148
743 824 975
133 566 500
215 978 962
55 249 17
240 103 22
609 805 260
484 235 375
414 568 196
162 512 98
263 383 885
987 669 944
337 37 322
658 468 850
327 175 533
833 148 852
746 9 417
640 25 323
712 27 706
50 146 142
322 523 92
254 168 680
304 407 62
443 73 151
412 500 29
125 699 636
31 264 754
544 638 13
296 420 891
639 968 507
807 309 194
233 369 710
934 350 959
491 318 938
424 947 328
217 452 305
286 377 660
456 849 227
662 159 753
87 586 246
580 455 718
563 915 414
567 425 851
108 384 918
496 331 707
865 416 341
864 777 714
399 341 275
279 473 811
247 631 902
968 900 29
426 48 988
953 80 8
291 89 550
964 454 127
789 219 92
320 471 838
858 490 805
110 902 520
618 706 155
649 101 971
774 201 905
801 37 137
728 499 724
612 535 173
365 404 843
508 412 774
391 3 543
763 666 332
430 515 623
39 1 876
955 336 831
214 251 32
803 576 38
292 59 332
482 957 159
744 691 112
546 10 240
158 34 273
774 703 677
97 583 76
964 271 261
221 291 182
295 671 682
694 789 472
560 616 739
644 673 182
915 253 606
512 84 422
936 648 172
563 258 703
134 769 379
862 416 542
927 268 51
411 321 257
230 955 19
891 851 423
700 292 422
221 886 814
602 166 154
238 816 161
685 284 121
576 486 495
628 873 35
76 296 267
570 607 28
922 778 167
231 879 628
432 279 851
232 289 608
282 586 504
686 707 481
20 405 283
961 838 911
954 824 109
784 194 585
871 30 881
775 751 33
468 960 83
503 167 382
269 763 434
533 623 964
878 664 787
890 403 382
569 751 692
696 859 138
515 551 892
871 113 51
948 334 189
323 308 191
601 627 615
338 685 829
442 621 186
815 290 246
71 727 976
635 692 798
264 238 450
781 901 945
870 368 277
985 986 46
128 480 939
527 851 649
631 826 472
976 865 493
452 90 313
534 933 659
496 268 205
858 387 177
752 882 396
729 331 990
812 540 526
183 747 960
557 595 923
652 70 56
594 440 955
88 275 86
558 250 669
198 529 330
974 187 170
727 379 686
117 751 53
736 67 205
834 857 574
677 395 288
197 542 533
540 977 293
298 866 861
191 94 569
506 557 731
711 481 363
372 666 808
970 637 974
706 594 193
522 159 775
341 247 575
645 21 314
812 974 101
332 311 945
104 895 854
524 408 798
580 390 768
528 32 826
643 712 152
978 296 192
701 329 65
735 694 731
538 141 228
514 422 337
365 994 9
465 33 160
32 962 531
494 476 259
75 150 928
2 490 893
559 548 909
62 257 329
205 398 438
817 217 379
633 292 349
680 246 613
741 926 124
486 846 788
503 627 40
528 942 574
174 461 164
546 980 175
900 280 797
381 595 655
175 977 321
58 665 881
134 614 645
222 854 357
298 696 753
924 709 771
827 284 747
382 511 797
690 643 753
113 767 745
250 793 47
678 770 141
771 676 515
696 904 248
525 487 522
635 528 765
79 147 827
13 480 410
465 310 373
909 177 87
464 600 881
220 564 168
35 289 693
62 203 785
96 482 289
921 539 227
848 132 872
500 83 348
19 86 699
813 497 534
193 471 70
297 214 862
346 696 255
830 146 271
394 178 881
783 729 384
542 56 819
772 360 212
29 39 286
935 677 918
75 115 974
760 350 790
911 718 970
764 117 441
321 89 420
506 389 13
99 651 543
767 579 426
541 920 76
554 309 154
933 168 583
290 861 454
467 234 681
699 181 288
31 515 217
375 57 587
451 307 517
366 647 317
866 74 127
893 536 959
116 583 312
159 80 631
293 574 544
426 568 318
950 516 774
880 567 162
322 238 247
603 223 574
179 956 584
289 134 178
838 90 46
903 308 940
41 573 55
131 705 671
598 640 132
589 812 691
13 848 124
563 760 134
67 373 803
251 871 31
507 847 391
742 417 640
439 194 887
159 285 471
533 490 684
79 451 992
920 377 982
940 667 705
759 456 185
150 460 108
780 607 966
748 160 30
235 808 519
664 558 63
816 354 146
415 347 121
953 8 852
647 641 421
766 518 764
53 34 616
607 71 187
593 14 959
510 794 364
658 868 666
422 466 910
166 772 127
672 437 2
445 364 568
476 487 454
864 393 401
147 74 162
135 757 13
235 906 407
121 211 5
235 303 743
529 496 199
942 379 750
918 911 613
192 527 354
302 964 366
793 764 423
702 680 653
955 677 139
29 782 204
536 787 668
251 258 574
388 0 669
741 354 535
390 361 971
758 987 939
519 310 224
286 712 620
911 160 92
207 455 946
847 301 161
777 214 414
914 645 568
166 915 894
892 885 570
353 929 138
765 772 306
60 972 193
970 664 713
523 132 580
752 39 682
557 51 222
503 484 24
219 204 559
412 258 591
227 351 78
71 325 159
507 159 632
478 617 450
134 418 179
944 605 961
308 630 646
589 802 435
841 985 428
405 422 163
893 500 1000
269 563 575
852 865 74
886 875 381
423 794 379
2 714 844
342 586 473
674 292 176
489 561 649
325 834 741
13 170 42
827 361 90
566 393 958
979 293 44
228 803 462
644 728 338
557 586 569
287 841 602
787 953 17
353 457 130
507 464 204
104 911 10
803 754 981
952 313 298
893 638 288
519 375 76
654 995 273
715 282 12
712 505 132
886 398 573
361 215 690
273 605 639
767 650 491
925 624 166
726 614 926
287 711 632
106 17 403
599 939 423
738 791 651
792 197 838
791 470 121
799 232 187
116 33 23
825 272 856
879 482 907
158 979 645
193 425 313
991 255 133
144 90 372
807 86 103
16 682 994
119 769 781
826 697 669
392 961 973
663 711 881
902 492 774
603 964 947
597 234 256
924 3 284
717 318 851
859 588 374
358 609 585
755 206 429
248 349 903
911 528 121
197 522 903
248 489 684
621 970 775
164 402 695
731 7 243
772 253 315
761 29 684
711 291 196
867 226 338
459 568 967
379 79 277
720 579 100
433 228 50
772 709 88
862 363 719
783 811 711
462 906 167
38 983 267
37 101 836
385 816 567
409 902 618
882 340 361
953 401 469
181 132 241
935 247 538
250 627 556
723 206 11
752 163 344
846 788 163
782 964 43
812 982 532
990 958 796
178 267 938
482 677 328
901 620 631
943 230 793
444 150 524
266 253 124
280 467 298
157 90 259
130 698 841
814 806 942
833 528 317
878 665 700
531 449 246
80 654 783
390 472 508
20 281 221
308 188 347
776 428 13
146 497 256
798 409 290
538 331 374
995 187 675
471 130 100
277 493 609
513 969 964
567 298 655
190 431 371
973 370 835
772 547 721
527 895 310
195 122 18
396 268 989
711 293 918
122 762 719
849 995 990
543 478 331
965 927 90
152 140 181
286 457 100
326 601 789
201 319 757
709 890 795
922 709 567
839 388 418
832 720 371
130 922 859
165 137 642
286 693 83
534 178 443
276 59 59
554 926 434
313 193 300
57 200 44
669 103 139
518 650 701
665 990 739
955 246 205
746 898 214
753 321 273
264 997 157
797 973 598
288 884 675
848 651 734
18 194 453
734 518 290
154 540 848
846 203 917
131 958 654
948 996 989
140 77 641
308 290 562
770 179 599
454 438 878
432 319 747
392 75 642
964 352 60
516 371 315
143 256 265
315 561 983
599 411 390
630 119 242
375 65 881
